21187
60747
28236
3996
21915
30204
28206
20651
27480
82235
81020
73905
58773
9099
9782
15257
23351
79576
14542
20126
22443
21835
67475
28317
16271
67087
412
40694
286
68813
29876
41150
68849
70628
26209
29087
22239
17786
31025
26434
93810
69676
21907
13809
78108
27891
9818
7172
12576
22579
28278
80789
12124
24423
29131
18443
14691
15929
19771
10896
25147
20435
24854
27289
19129
27245
92291
14035
82238
18634
93745
1091
16504
32765
1408
85551
13752
25801
14114
12217
676
2732
28776
91765
47874
45788
97291
65523
28385
225
17150
17396
23502
59348
20351
3630
67833
65760
663
77834
9539
9992
56175
77039
51154
47660
42782
7059
8224
98057
74410
26292
32269
24750
12232
45138
18953
58706
16379
26181
78559
48936
18483
26542
79626
51683
14283
12379
5071
6069
91463
10418
27659
13805
90335
20409
19775
77735
20260
11371
17876
78910
27042
59855
90794
29773
46615
23878
81285
41408
9490
74340
17646
1808
1034
1206
83915
9266
17487
89084
15116
9295
13488
22332
17683
31970
60984
17648
40573
27481
15785
5032
94351
20039
14268
61452
19548
85278
5299
66641
27271
50323
72279
47956
18838
27420
4576
12136
12760
48986
86666
31971
17486
98593
91613
2482
77903
18066
24802
14499
12876
93031
8233
30580
11431
67683
96923
42968
3880
87858
8692
23956
91591
59388
12282
22417
30748
67813
71175
17565
32074
12028
93437
9189
22027
4239
16472
13100
50055
27597
26822
1917
21667
23130
18729
3482
84489
77442
61143
20573
11805
55349
28326
8660
85163
23950
10518
27735
2701
18124
83869
28113
20187
74065
21293
55544
60834
16088
5343
7874
58058
70858
21632
8408
63878
13333
9982
51529
13305
88046
55722
61180
30722
91705
28524
29402
74835
52945
11448
1596
2589
7666
25221
30158
28361
3204
5563
63402
28530
22238
29240
12492
56988
57066
56372
26839
24706
94005
31015
8687
12067
81975
45532
23344
11286
6714
2516
18334
10965
78017
62926
73854
4249
74820
44817
55730
63252
12807
4823
69905
20790
15013
23743
76541
12004
30396
6325
29419
27583
21228
8889
18530
81329
99322
2346
10963
5960
51791
25046
8811
71534
83875
2187
54228
46380
3860
42515
79768
7266
49304
650
94838
2941
55843
20221
8738
9626
91631
32525
970
17801
80920
52402
5016
19392
90389
5045
2436
1081
26140
77988
93755
85402
86041
48100
1086
7143
98518
29562
91665
25363
16942
23299
18646
59420
60936
29350
30887
53374
8159
20478
82478
15566
6666
89064
64195
94726
29361
82816
65627
68564
24821
98588
78530
15557
6001
17664
22745
12786
25938
2091
10071
32321
88782
82041
4357
76404
60798
3347
16176
9642
13299
7946
8556
56040
6027
5803
93374
92636
42447
95887
75655
11570
59657
30855
29117
76845
70974
12990
46872
22998
81881
85845
47398
13083
73502
17047
10050
72424
85245
5857
72844
15728
69259
26535
32135
68529
6222
27642
17681
86665
72211
14493
1000
18892
12594
5006
25772
10839
11920
12907
12567
21321
16557
31523
14664
93113
24263
10056
4517
58371
51698
80158
13082
23041
46619
4714
72083
3951
21972
32559
2279
32754
19589
14122
95991
84817
90070
10571
70652
6758
5915
54405
13938
23930
70469
12687
22449
53288
48694
44059
11069
8653
78233
29802
23990
59385
57476
75525
43047
5377
21601
21057
26040
17556
5542
14115
12229
29098
24926
17331
83653
6761
3677
45775
20316
840
6598
2904
27964
28110
23157
16618
23396
19039
91907
7270
76955
18324
13151
54808
32014
24515
21067
29656
2966
20522
27151
47406
23715
99183
53802
87081
44622
16053
27384
91770
19818
1738
77893
51555
97679
18308
22295
45956
49105
2972
4817
85747
10131
7201
23783
29281
23314
90096
32096
44486
10904
44812
63866
17322
15223
75100
30190
854
30597
43859
5503
88690
17341
17528
95741
49331
90834
11241
42971
60679
19221
20165
51596
17713
9101
5308
14935
53850
5753
41562
3808
8884
28700
73661
12835
51538
88608
48872
64248
28193
2124
13587
1627
52455
15392
19594
66835
19560
8137
14411
22725
74164
78306
98185
13868
28818
14044
31131
54935
11199
70368
23893
19354
59689
79414
5672
9883
81008
78504
11933
19150
99469
20822
56267
8960
2002
13667
14613
42604
26725
74702
32325
2608
32128
17859
15732
25537
9021
4168
25191
92824
26384
1880
25966
43946
92649
3972
44902
7115
5470
29965
16784
26915
60969
73913
20812
4593
77924
86684
66055
64530
21554
